0 -1 0 9000 Fat_Human 5000 0
1500 -1 700 300 Archer_Human 2000 0
3000 -1 700 300 Archer_Human 2000 0
4500 -1 700 300 Archer_Human 2000 0
6000 -1 700 300 Archer_Human 2000 0
7500 -1 700 300 Archer_Human 2000 0
30000 -1 0 9000 Fat_Human 5000 0
90000 -1 0 9000 Fat_Human 5000 0
120000 -1 0 9000 Fat_Human 5000 0
150000 -1 0 9000 Fat_Human 5000 0
180000 -1 0 9000 Fat_Human 5000 0
200000 -1 500 5000 Mace_Human 1500 0
202000 -1 500 5000 Mace_Human 1500 0
210000 -1 0 9000 Fat_Human 5000 0
212000 -1 1100 1000 Bazuka_Human 4500 1
214000 -1 1100 1000 Bazuka_Human 4500 1
240000 -1 0 9000 Fat_Human 5000 0
270000 -1 0 9000 Fat_Human 5000 0
300000 -1 0 9000 Fat_Human 5000 0