0 -1 0 9000 Fat_Human 5000 0
5000 -1 700 300 Archer_Human 2000 0
5500 -1 700 300 Archer_Human 2000 0
6000 -1 700 300 Archer_Human 2000 0
6500 -1 700 300 Archer_Human 2000 0
18000 -1 900 80 Torch_Human 3000 1
18500 -1 900 80 Torch_Human 3000 1
19000 -1 900 80 Torch_Human 3000 1
20000 -1 0 9000 Fat_Human 5000 0
38000 -1 900 80 Torch_Human 3000 1
38500 -1 900 80 Torch_Human 3000 1
39000 -1 900 80 Torch_Human 3000 1
40000 -1 0 9000 Fat_Human 5000 0
40000 -1 1100 1000 Bazuka_Human 4500 1
58000 -1 900 80 Torch_Human 3000 1
58500 -1 900 80 Torch_Human 3000 1
59000 -1 900 80 Torch_Human 3000 1
60000 -1 0 9000 Fat_Human 5000 0
78000 -1 900 80 Torch_Human 3000 1
78500 -1 900 80 Torch_Human 3000 1
79000 -1 900 80 Torch_Human 3000 1
80000 -1 0 9000 Fat_Human 5000 0
80000 -1 1100 1000 Bazuka_Human 4500 1
98000 -1 900 80 Torch_Human 3000 1
98500 -1 900 80 Torch_Human 3000 1
99000 -1 900 80 Torch_Human 3000 1
100000 -1 0 9000 Fat_Human 5000 0
118000 -1 900 80 Torch_Human 3000 1
118500 -1 900 80 Torch_Human 3000 1
119000 -1 900 80 Torch_Human 3000 1
120000 -1 0 9000 Fat_Human 5000 0
120000 -1 1100 1000 Bazuka_Human 4500 1
140000 -1 0 9000 Fat_Human 5000 0
160000 -1 0 9000 Fat_Human 5000 0
180000 -1 0 9000 Fat_Human 5000 0
200000 -1 0 9000 Fat_Human 5000 0
220000 -1 0 9000 Fat_Human 5000 0