0 -1 500 5000 Mace_Human 1500 0
0 -1 1100 1000 Bazuka_Human 4500 1
5000 -1 700 300 Archer_Human 2000 0
10000 -1 700 300 Archer_Human 2000 0
30000 -1 15000 20000 Mage_Human 17500 1
30000 -1 0 9000 Fat_Human 5000 0
30000 -1 1100 1000 Bazuka_Human 4500 1
40500 -1 900 80 Torch_Human 3000 1
41000 -1 900 80 Torch_Human 3000 1
41500 -1 900 80 Torch_Human 3000 1
42000 -1 900 80 Torch_Human 3000 1
42500 -1 900 80 Torch_Human 3000 1
60000 -1 0 9000 Fat_Human 5000 0
60000 -1 1100 1000 Bazuka_Human 4500 1
63500 -1 900 80 Torch_Human 3000 1
64000 -1 900 80 Torch_Human 3000 1
64500 -1 900 80 Torch_Human 3000 1
65000 -1 900 80 Torch_Human 3000 1
86500 -1 900 80 Torch_Human 3000 1
87000 -1 900 80 Torch_Human 3000 1
87500 -1 900 80 Torch_Human 3000 1
88000 -1 900 80 Torch_Human 3000 1
90000 -1 0 9000 Fat_Human 5000 0
90000 -1 1100 1000 Bazuka_Human 4500 1
109500 -1 900 80 Torch_Human 3000 1
110000 -1 900 80 Torch_Human 3000 1
110500 -1 900 80 Torch_Human 3000 1
111000 -1 900 80 Torch_Human 3000 1
120000 -1 0 9000 Fat_Human 5000 0
120000 -1 1100 1000 Bazuka_Human 4500 1
132500 -1 900 80 Torch_Human 3000 1
133000 -1 900 80 Torch_Human 3000 1
133500 -1 900 80 Torch_Human 3000 1
134000 -1 900 80 Torch_Human 3000 1
150000 -1 0 9000 Fat_Human 5000 0
150000 -1 1100 1000 Bazuka_Human 4500 1
155500 -1 900 80 Torch_Human 3000 1
156000 -1 900 80 Torch_Human 3000 1
156500 -1 900 80 Torch_Human 3000 1
157000 -1 900 80 Torch_Human 3000 1
178500 -1 900 80 Torch_Human 3000 1
179000 -1 900 80 Torch_Human 3000 1
179500 -1 900 80 Torch_Human 3000 1
180000 -1 900 80 Torch_Human 3000 1
180000 -1 0 9000 Fat_Human 5000 0
180000 -1 1100 1000 Bazuka_Human 4500 1
201500 -1 900 80 Torch_Human 3000 1
202000 -1 900 80 Torch_Human 3000 1
202500 -1 900 80 Torch_Human 3000 1
203000 -1 900 80 Torch_Human 3000 1
210000 -1 0 9000 Fat_Human 5000 0
210000 -1 1100 1000 Bazuka_Human 4500 1
224500 -1 900 80 Torch_Human 3000 1
225000 -1 900 80 Torch_Human 3000 1
225500 -1 900 80 Torch_Human 3000 1
226000 -1 900 80 Torch_Human 3000 1
240000 -1 0 9000 Fat_Human 5000 0
240000 -1 1100 1000 Bazuka_Human 4500 1
247500 -1 900 80 Torch_Human 3000 1
248000 -1 900 80 Torch_Human 3000 1
248500 -1 900 80 Torch_Human 3000 1
249000 -1 900 80 Torch_Human 3000 1
270000 -1 0 9000 Fat_Human 5000 0
270000 -1 1100 1000 Bazuka_Human 4500 1
270500 -1 900 80 Torch_Human 3000 1
271000 -1 900 80 Torch_Human 3000 1
271500 -1 900 80 Torch_Human 3000 1
272000 -1 900 80 Torch_Human 3000 1
293500 -1 900 80 Torch_Human 3000 1
294000 -1 900 80 Torch_Human 3000 1
294500 -1 900 80 Torch_Human 3000 1
295000 -1 900 80 Torch_Human 3000 1
300000 -1 0 9000 Fat_Human 5000 0
300000 -1 1100 1000 Bazuka_Human 4500 1
316500 -1 900 80 Torch_Human 3000 1
317000 -1 900 80 Torch_Human 3000 1
317500 -1 900 80 Torch_Human 3000 1
318000 -1 900 80 Torch_Human 3000 1
330000 -1 0 9000 Fat_Human 5000 0
330000 -1 1100 1000 Bazuka_Human 4500 1
339500 -1 900 80 Torch_Human 3000 1
340000 -1 900 80 Torch_Human 3000 1
340500 -1 900 80 Torch_Human 3000 1
341000 -1 900 80 Torch_Human 3000 1
360000 -1 0 9000 Fat_Human 5000 0
360000 -1 1100 1000 Bazuka_Human 4500 1
362500 -1 900 80 Torch_Human 3000 1
363000 -1 900 80 Torch_Human 3000 1
363500 -1 900 80 Torch_Human 3000 1
364000 -1 900 80 Torch_Human 3000 1
385500 -1 900 80 Torch_Human 3000 1
386000 -1 900 80 Torch_Human 3000 1
386500 -1 900 80 Torch_Human 3000 1
387000 -1 900 80 Torch_Human 3000 1
390000 -1 0 9000 Fat_Human 5000 0
390000 -1 1100 1000 Bazuka_Human 4500 1
408500 -1 900 80 Torch_Human 3000 1
409000 -1 900 80 Torch_Human 3000 1
409500 -1 900 80 Torch_Human 3000 1
410000 -1 900 80 Torch_Human 3000 1
420000 -1 0 9000 Fat_Human 5000 0
420000 -1 1100 1000 Bazuka_Human 4500 1