10000 -1 500 5000 Mace_Human 1500 0
10000 -1 0 9000 Fat_Human 5000 0
10000 -1 1100 1000 Bazuka_Human 4500 1
10000 -1 700 300 Archer_Human 2000 0
10000 -1 900 80 Torch_Human 3000 1
15000 -1 500 5000 Mace_Human 1500 0
15000 -1 0 9000 Fat_Human 5000 0
15000 -1 1100 1000 Bazuka_Human 4500 1
15000 -1 700 300 Archer_Human 2000 0
15000 -1 900 80 Torch_Human 3000 1
20000 -1 500 5000 Mace_Human 1500 0
20000 -1 0 9000 Fat_Human 5000 0
20000 -1 1100 1000 Bazuka_Human 4500 1
20000 -1 700 300 Archer_Human 2000 0
20000 -1 900 80 Torch_Human 3000 1
25000 -1 500 5000 Mace_Human 1500 0
25000 -1 0 9000 Fat_Human 5000 0
25000 -1 1100 1000 Bazuka_Human 4500 1
25000 -1 700 300 Archer_Human 2000 0
25000 -1 900 80 Torch_Human 3000 1
30000 -1 500 5000 Mace_Human 1500 0
30000 -1 0 9000 Fat_Human 5000 0
30000 -1 1100 1000 Bazuka_Human 4500 1
30000 -1 700 300 Archer_Human 2000 0
30000 -1 900 80 Torch_Human 3000 1
35000 -1 500 5000 Mace_Human 1500 0
35000 -1 0 9000 Fat_Human 5000 0
35000 -1 1100 1000 Bazuka_Human 4500 1
35000 -1 700 300 Archer_Human 2000 0
35000 -1 900 80 Torch_Human 3000 1
40000 -1 500 5000 Mace_Human 1500 0
40000 -1 0 9000 Fat_Human 5000 0
40000 -1 1100 1000 Bazuka_Human 4500 1
40000 -1 700 300 Archer_Human 2000 0
40000 -1 900 80 Torch_Human 3000 1
45000 -1 500 5000 Mace_Human 1500 0
45000 -1 0 9000 Fat_Human 5000 0
45000 -1 1100 1000 Bazuka_Human 4500 1
45000 -1 700 300 Archer_Human 2000 0
45000 -1 900 80 Torch_Human 3000 1